1.199394464492797852e-01 8.288878798484802246e-01 3.307365775108337402e-01 5.186300873756408691e-01 3.131772875785827637e-01 2.750641703605651855e-01 3.778217434883117676e-01 5.530026555061340332e-01 1.545870900154113770e-01
9.929025173187255859e-01 2.056734561920166016e-01 4.072023630142211914e-01 9.886820912361145020e-01 7.310953140258789062e-01 9.901636838912963867e-02 2.424091100692749023e-01 9.115728735923767090e-01 9.007373452186584473e-01
4.411787390708923340e-01 5.550861954689025879e-01 4.925558567047119141e-01 7.216501235961914062e-02 1.669007539749145508e-01 7.482268810272216797e-01 4.314970970153808594e-01 8.023841977119445801e-01 1.579706072807312012e-01
8.281540274620056152e-01 2.647286653518676758e-01 9.750905036926269531e-01 6.721403598785400391e-01 4.362398386001586914e-01 4.645183682441711426e-01 1.547365784645080566e-01 9.936308860778808594e-01 7.055459022521972656e-01
6.872215867042541504e-01 5.839848518371582031e-01 7.283592224121093750e-01 9.261363744735717773e-01 9.655269980430603027e-01 6.143150925636291504e-01 5.314989686012268066e-01 6.081054210662841797e-01 2.053848505020141602e-01
5.482830405235290527e-01 4.069098234176635742e-01 6.430113315582275391e-01 5.167461037635803223e-01 9.834927916526794434e-01 7.835878729820251465e-01 7.124976515769958496e-01 7.592629790306091309e-01 6.445040106773376465e-01
3.250676393508911133e-02 6.747981309890747070e-01 7.034376263618469238e-01 3.360931277275085449e-01 9.560865163803100586e-01 2.301099300384521484e-01 3.663725256919860840e-01 6.334193348884582520e-01 4.833446145057678223e-01
6.001092195510864258e-01 9.247453808784484863e-01 3.675310015678405762e-01 7.358962297439575195e-02 7.947244048118591309e-01 6.895496845245361328e-01 6.790050864219665527e-01 1.043417453765869141e-01 9.045550823211669922e-01
4.459562301635742188e-01 5.728846788406372070e-01 9.964926242828369141e-01 4.687729477882385254e-01 4.705177545547485352e-01 7.468178868293762207e-01 5.075321793556213379e-01 5.381256341934204102e-02 7.025960087776184082e-01
4.761329293251037598e-01 3.441005945205688477e-02 2.644149065017700195e-01 2.220075130462646484e-01 5.132132172584533691e-01 1.639745235443115234e-01 2.430506348609924316e-01 7.097187042236328125e-01 6.440864801406860352e-01
1.907975673675537109e-01 8.498882055282592773e-01 7.406736016273498535e-01 9.781410098075866699e-01 8.313417434692382812e-02 1.368865966796875000e-01 7.940658330917358398e-01 2.883679866790771484e-01 6.418634653091430664e-01
7.938206195831298828e-03 6.978325843811035156e-01 5.852270126342773438e-02 4.698398709297180176e-01 3.240873813629150391e-01 4.254902601242065430e-01 7.213306427001953125e-01 2.294876575469970703e-01 3.694247603416442871e-01
8.583124279975891113e-01 8.121669292449951172e-02 5.958774089813232422e-01 8.421387672424316406e-01 4.827980995178222656e-01 9.043106436729431152e-01 6.829086542129516602e-01 2.054846882820129395e-01 8.032945394515991211e-01
2.381397485733032227e-01 4.685236811637878418e-01 1.560306549072265625e-01 8.038793206214904785e-01 5.921965837478637695e-01 7.587788105010986328e-01 1.988049149513244629e-01 2.934975624084472656e-01 3.422536253929138184e-01
4.089125394821166992e-01 4.826557636260986328e-01 4.033677577972412109e-01 8.434728384017944336e-01 7.324574589729309082e-01 6.741429567337036133e-01 6.005885601043701172e-01 7.969880104064941406e-01 9.305179119110107422e-01
6.218355298042297363e-01 7.971768379211425781e-01 6.644101738929748535e-01 7.373709082603454590e-01 4.158790707588195801e-01 2.825135588645935059e-01 1.382456421852111816e-01 1.581937074661254883e-01 4.770070910453796387e-01
3.619504570960998535e-01 7.153964042663574219e-01 7.642293572425842285e-01 1.858217716217041016e-01 2.214266061782836914e-01 3.004378676414489746e-01 2.019588351249694824e-01 5.753219127655029297e-02 9.196278452873229980e-01
4.650990962982177734e-01 3.393456339836120605e-01 4.070559144020080566e-01 3.195121288299560547e-01 3.109937906265258789e-02 8.396251797676086426e-01 6.964166164398193359e-01 6.540331840515136719e-01 7.720796465873718262e-01
7.562600374221801758e-01 1.410797238349914551e-01 6.234422922134399414e-01 4.777818918228149414e-01 2.229510545730590820e-01 5.518853664398193359e-02 5.404800772666931152e-01 8.606495261192321777e-01 6.944233775138854980e-01
7.210544347763061523e-01 3.050319552421569824e-01 8.676918745040893555e-01 2.620671391487121582e-01 5.514877438545227051e-01 9.070593118667602539e-01 8.457665443420410156e-01 9.338495731353759766e-01 1.526093482971191406e-01
5.672656297683715820e-01 4.955201745033264160e-01 7.557404041290283203e-01 3.898308277130126953e-01 7.251242995262145996e-01 4.234219789505004883e-01 9.467229247093200684e-01 8.780028820037841797e-01 7.989823818206787109e-02
8.315699696540832520e-01 6.734280586242675781e-01 2.537703514099121094e-01 9.479722380638122559e-01 1.743974685668945312e-01 3.652456998825073242e-01 1.666757464408874512e-01 4.573354721069335938e-01 5.328283309936523438e-01
5.461612343788146973e-01 4.178564548492431641e-01 6.572991609573364258e-01 6.209480762481689453e-01 8.655744791030883789e-01 4.790603518486022949e-01 1.987642645835876465e-01 5.593667626380920410e-01 2.628273963928222656e-01
6.586398482322692871e-01 9.385992288589477539e-01 6.556981801986694336e-02 2.557504177093505859e-01 3.365926146507263184e-01 4.160597324371337891e-01 9.458469152450561523e-01 6.271938085556030273e-01 8.896060585975646973e-01
5.410099029541015625e-01 5.512785911560058594e-02 7.796663641929626465e-01 7.769619822502136230e-01 1.424574851989746094e-01 2.897256612777709961e-01 4.152619838714599609e-01 1.373184919357299805e-01 1.386995911598205566e-01
5.016988515853881836e-01 7.216234207153320312e-01 6.285329461097717285e-01 1.888154745101928711e-01 9.154825210571289062e-01 2.726236581802368164e-01 8.733543753623962402e-01 9.631745219230651855e-01 9.942681193351745605e-01
1.283862590789794922e-01 8.290833234786987305e-01 4.287291765213012695e-01 9.384971857070922852e-02 9.653862714767456055e-01 4.353359937667846680e-01 9.779506921768188477e-01 8.097554445266723633e-01 7.291868925094604492e-01
8.729630708694458008e-02 2.832852602005004883e-01 7.288962602615356445e-02 8.040177822113037109e-02 3.784126043319702148e-02 5.157306790351867676e-01 9.505245685577392578e-01 8.935195207595825195e-02 4.606559872627258301e-01
8.206595182418823242e-01 7.437562942504882812e-01 8.354345560073852539e-01 4.748162627220153809e-01 2.084249258041381836e-01 4.793534278869628906e-01 2.119243144989013672e-03 7.055510878562927246e-01 1.673391461372375488e-01
2.804102301597595215e-01 7.996721267700195312e-01 5.303094983100891113e-01 2.560788989067077637e-01 4.540585875511169434e-01 5.317375063896179199e-01 2.989480495452880859e-01 3.390995264053344727e-01 9.395249485969543457e-01
1.402495503425598145e-01 2.897232770919799805e-01 4.346740245819091797e-01 9.253849983215332031e-01 9.021484851837158203e-02 2.194344997406005859e-03 8.945264220237731934e-01 4.948679804801940918e-01 5.360128283500671387e-01
5.213216543197631836e-01 1.280256509780883789e-01 1.575425863265991211e-01 2.558755278587341309e-01 8.670455813407897949e-01 2.388429641723632812e-02 4.942854642868041992e-01 3.298219442367553711e-01 7.367756962776184082e-01
6.657785773277282715e-01 8.991268277168273926e-01 1.218252778053283691e-01 1.979444026947021484e-01 4.293143153190612793e-01 7.275840640068054199e-01 6.423872113227844238e-01 7.372134923934936523e-01 9.145515561103820801e-01
8.595981597900390625e-01 2.189744114875793457e-01 6.966422200202941895e-01 2.934482097625732422e-01 5.265594124794006348e-01 2.224079966545104980e-01 4.465490579605102539e-01 3.962337970733642578e-01 6.892327666282653809e-01
1.368311643600463867e-01 9.264559149742126465e-01 9.035199880599975586e-01 9.223601818084716797e-01 7.456939816474914551e-01 8.288345336914062500e-01 2.217783331871032715e-01 1.486496329307556152e-01 7.244440913200378418e-01
5.495970249176025391e-01 1.352787017822265625e-01 8.456636667251586914e-01 3.821438550949096680e-02 1.896424889564514160e-01 6.895262598991394043e-01 5.195953249931335449e-01 9.044591188430786133e-01 8.472442626953125000e-01
7.376230359077453613e-01 1.238134503364562988e-01 5.873381495475769043e-01 4.262220859527587891e-01 2.959387898445129395e-01 1.964348554611206055e-02 6.244486570358276367e-02 6.778715252876281738e-01 7.509868741035461426e-01
6.421416401863098145e-01 5.671744942665100098e-01 6.659328937530517578e-03 2.581136822700500488e-01 3.972637057304382324e-01 8.850626349449157715e-01 8.550587296485900879e-01 9.937738180160522461e-01 2.292842864990234375e-01
6.756020784378051758e-01 3.197686076164245605e-01 4.667824506759643555e-02 7.914018630981445312e-02 3.275223970413208008e-01 5.621864795684814453e-01 1.658651232719421387e-01 4.697022438049316406e-01 2.585054039955139160e-01
5.409316420555114746e-01 4.908528327941894531e-01 8.867285251617431641e-01 8.976356387138366699e-01 2.379696965217590332e-01 7.971290349960327148e-01 3.333092927932739258e-01 9.244624376296997070e-01 6.023357510566711426e-01
1.102818846702575684e-01 1.576335430145263672e-01 7.448297142982482910e-01 2.168994545936584473e-01 1.974132657051086426e-01 3.145483136177062988e-01 5.323405861854553223e-01 2.349382638931274414e-01 1.049080491065979004e-01
6.721542477607727051e-01 2.101560235023498535e-01 4.189633131027221680e-01 2.871975302696228027e-01 5.003485679626464844e-01 4.104711413383483887e-01 6.784232258796691895e-01 4.586547613143920898e-02 6.406478881835937500e-01
6.085262298583984375e-01 7.242256999015808105e-01 2.472853660583496094e-02 1.093003749847412109e-01 8.962934613227844238e-01 9.376214742660522461e-01 7.754128575325012207e-01 6.284554600715637207e-01 5.589455366134643555e-02
5.187981724739074707e-01 5.066655874252319336e-01 8.392866849899291992e-01 7.259907722473144531e-01 1.898704171180725098e-01 9.164905548095703125e-02 4.420487284660339355e-01 6.760243773460388184e-01 4.651376008987426758e-01
6.027315258979797363e-01 3.235574364662170410e-01 4.634571671485900879e-01 3.166289329528808594e-01 7.961072325706481934e-01 1.624740958213806152e-01 6.150858998298645020e-01 8.025939464569091797e-01 8.593002557754516602e-01
2.970240712165832520e-01 8.544296026229858398e-02 7.550226449966430664e-01 7.604148983955383301e-01 7.270138263702392578e-01 9.660673141479492188e-01 4.901743531227111816e-01 6.657212376594543457e-01 7.913777232170104980e-01
3.810123801231384277e-01 8.673775792121887207e-01 3.950353860855102539e-01 3.011342883110046387e-01 7.888616323471069336e-01 4.105899930000305176e-01 5.077871084213256836e-01 9.847691655158996582e-01 9.648572206497192383e-01
6.749614477157592773e-01 4.480311274528503418e-01 8.073943257331848145e-01 1.265435814857482910e-01 4.980714917182922363e-01 4.270281791687011719e-01 1.556770801544189453e-01 5.570514798164367676e-01 3.800019025802612305e-01
7.666403055191040039e-02 8.523783087730407715e-01 1.952350139617919922e-02 9.465981721878051758e-01 3.948157429695129395e-01 7.868163585662841797e-01 4.863142371177673340e-01 1.486849784851074219e-02 3.535832166671752930e-01
6.809945106506347656e-01 5.768306255340576172e-01 9.306591153144836426e-01 9.999875426292419434e-01 9.800189137458801270e-01 2.910307049751281738e-01 3.225507140159606934e-01 7.648803591728210449e-01 8.680770397186279297e-01
1.054630279541015625e-01 3.197463154792785645e-01 3.140583038330078125e-01 6.658231616020202637e-01 1.535004377365112305e-02 2.864089012145996094e-01 5.063728094100952148e-01 8.169457316398620605e-01 9.631603360176086426e-01
9.090403914451599121e-01 5.192966461181640625e-01 8.000829219818115234e-01 4.275392293930053711e-01 2.757117152214050293e-01 3.467789292335510254e-01 8.246301412582397461e-01 3.678783178329467773e-01 5.145077109336853027e-01
6.785130500793457031e-01 2.959339618682861328e-01 4.681390523910522461e-01 6.973107457160949707e-01 5.329401493072509766e-01 8.354520201683044434e-01 4.746729731559753418e-01 9.471261501312255859e-02 3.238412141799926758e-01
1.012906432151794434e-01 9.430544972419738770e-01 8.188894391059875488e-01 5.681154131889343262e-01 4.249107837677001953e-01 1.106429100036621094e-01 2.679508924484252930e-01 6.479586362838745117e-01 4.636286497116088867e-01
4.281517863273620605e-01 4.811995029449462891e-01 5.084208846092224121e-01 7.312583327293395996e-01 6.242179274559020996e-01 9.251903295516967773e-01 3.632918000221252441e-01 4.042686223983764648e-01 7.028267383575439453e-01
3.164907693862915039e-01 3.710678815841674805e-01 1.880497932434082031e-01 2.553822994232177734e-01 7.807028889656066895e-01 6.971102356910705566e-01 4.214212298393249512e-01 1.436802744865417480e-01 5.803192853927612305e-01
9.987860321998596191e-01 6.245398521423339844e-02 5.670821666717529297e-01 8.983838558197021484e-02 2.853897213935852051e-01 3.813863992691040039e-01 5.425267815589904785e-01 7.604163289070129395e-01 6.593548059463500977e-01
4.572641849517822266e-02 7.196363806724548340e-01 4.345011711120605469e-01 1.189637184143066406e-02 2.564010620117187500e-01 6.119719743728637695e-01 3.095348477363586426e-01 2.160663604736328125e-01 3.772459030151367188e-01
9.517997503280639648e-02 9.556317329406738281e-01 9.020954370498657227e-02 6.419460773468017578e-01 6.738711595535278320e-01 4.395646452903747559e-01 8.338508605957031250e-01 6.926402449607849121e-01 1.236540675163269043e-01
9.105543494224548340e-01 9.333773255348205566e-01 7.713650465011596680e-01 5.304695367813110352e-01 3.613818287849426270e-01 7.485500574111938477e-01 6.776840686798095703e-01 5.377178788185119629e-01 6.683056950569152832e-01
5.958431959152221680e-02 3.768177628517150879e-01 9.303796887397766113e-01 8.354163169860839844e-01 9.438462257385253906e-01 8.084189295768737793e-01 7.953166961669921875e-02 6.075329780578613281e-01 1.321099400520324707e-01
8.029783964157104492e-01 5.176432728767395020e-01 3.073701262474060059e-01 9.660151004791259766e-01 6.921621561050415039e-01 6.849195361137390137e-01 8.482618927955627441e-01 5.437752008438110352e-01 6.820485591888427734e-01
6.435351371765136719e-01 4.830684065818786621e-01 9.024738669395446777e-01 3.377560973167419434e-01 2.928239703178405762e-01 6.178237199783325195e-01 6.188937425613403320e-01 6.257613301277160645e-01 9.536446332931518555e-01
7.571595907211303711e-02 5.994572639465332031e-01 4.542483687400817871e-01 2.109026312828063965e-01 9.523484110832214355e-01 1.799148321151733398e-01 2.306289672851562500e-01 7.340010404586791992e-01 9.941269755363464355e-01
4.342687129974365234e-02 6.957978606224060059e-01 2.679791450500488281e-01 8.151365518569946289e-01 6.572375297546386719e-01 9.228826165199279785e-01 2.331122159957885742e-01 7.397812008857727051e-01 4.167314767837524414e-01
7.611119151115417480e-01 6.617562174797058105e-01 7.919710278511047363e-01 3.457670211791992188e-01 6.375658512115478516e-01 6.431877613067626953e-01 3.135239481925964355e-01 7.474290728569030762e-01 3.477792143821716309e-01
8.400341272354125977e-01 5.753938555717468262e-01 6.879527568817138672e-01 4.100642204284667969e-01 5.736518502235412598e-01 1.689373254776000977e-01 8.500483632087707520e-01 7.531708478927612305e-01 6.786956191062927246e-01
1.603645682334899902e-01 9.856596589088439941e-01 1.595268249511718750e-01 2.377029061317443848e-01 3.725218176841735840e-01 1.121813058853149414e-02 6.183041334152221680e-01 9.708923697471618652e-01 7.354558110237121582e-01
2.258205413818359375e-01 5.949956178665161133e-01 6.115158200263977051e-01 8.745000362396240234e-01 9.709001779556274414e-01 6.686155200004577637e-01 3.867661356925964355e-01 1.151481866836547852e-01 7.467827796936035156e-01
9.577507376670837402e-01 4.315155744552612305e-02 6.442743539810180664e-02 9.349848031997680664e-01 6.534655690193176270e-01 3.567516803741455078e-03 2.456403374671936035e-01 3.464411497116088867e-01 6.654769182205200195e-01
